
# 0
          2.00      2.37380484e-08      0.00000000e+00      0.00000000e+00
          2.50      4.79632031e-09      0.00000000e+00      0.00000000e+00
          3.00      1.10241433e-09      4.23351261e-09      1.93232551e-12
          3.50      1.48157762e-10      4.34986726e-09      1.98543396e-12
          4.00     -1.81578549e-10      4.40549099e-09      2.01082241e-12
          4.50     -2.08922620e-10      4.37731868e-09      1.99796341e-12
          5.00     -3.92468989e-11      4.17387250e-09      1.90510313e-12
          5.50     -1.59212067e-10      4.21843163e-09      1.92544206e-12
          6.00     -1.64365470e-10      4.27761532e-09      1.95245600e-12
          6.50     -1.84776574e-10      4.26177308e-09      1.94522488e-12
          7.00     -1.40231122e-10      4.31505701e-09      1.96954559e-12
          7.50     -8.16094105e-11      4.31875043e-09      1.97123123e-12
          8.00     -5.04116112e-11      4.38007371e-09      1.99922064e-12
          8.50     -1.67651731e-11      4.33604845e-09      1.97912640e-12
          9.00     -1.63654551e-11      4.31114032e-09      1.96775778e-12
          9.50      2.95918170e-11      4.16554068e-09      1.90130013e-12
         10.00      3.61481755e-11      4.43753220e-09      2.02544696e-12
         10.50      1.41026983e-11      4.34555594e-09      1.98346573e-12
         11.00      1.21594309e-12      4.32393506e-09      1.97359739e-12
         11.50      8.87253512e-12      4.30801950e-09      1.96633331e-12

# 1
          2.00      5.04589548e+02
          2.50      7.49974928e+01
          3.00     -1.38094318e+01
          3.50     -3.26371073e+01
          4.00     -3.21339490e+01
          4.50     -2.62548562e+01
          5.00     -2.25186021e+01
          5.50     -1.95307527e+01
          6.00     -1.46592120e+01
          6.50     -9.40279125e+00
          7.00     -4.50971913e+00
          7.50     -1.16985445e+00
          8.00      8.17755038e-01
          8.50      1.82911832e+00
          9.00      2.32790821e+00
          9.50      2.12878203e+00
         10.00      1.13905000e+00
         10.50      3.82510537e-01
         11.00      1.51884562e-01
         11.50      0.00000000e+00
