
#  0 . Linear function
  -10.000000   -10.00000000
   -9.980000    -9.98000000
   -9.960000    -9.96000000
   -9.940000    -9.94000000
   -9.920000    -9.92000000
   -9.900000    -9.90000000
   -9.880000    -9.88000000
   -9.860000    -9.86000000
   -9.840000    -9.84000000
   -9.820000    -9.82000000
   -9.800000    -9.80000000
   -9.780000    -9.78000000
   -9.760000    -9.76000000
   -9.740000    -9.74000000
   -9.720000    -9.72000000
   -9.700000    -9.70000000
   -9.680000    -9.68000000
   -9.660000    -9.66000000
   -9.640000    -9.64000000
   -9.620000    -9.62000000
   -9.600000    -9.60000000
   -9.580000    -9.58000000
   -9.560000    -9.56000000
   -9.540000    -9.54000000
   -9.520000    -9.52000000
   -9.500000    -9.50000000
   -9.480000    -9.48000000
   -9.460000    -9.46000000
   -9.440000    -9.44000000
   -9.420000    -9.42000000
   -9.400000    -9.40000000
   -9.380000    -9.38000000
   -9.360000    -9.36000000
   -9.340000    -9.34000000
   -9.320000    -9.32000000
   -9.300000    -9.30000000
   -9.280000    -9.28000000
   -9.260000    -9.26000000
   -9.240000    -9.24000000
   -9.220000    -9.22000000
   -9.200000    -9.20000000
   -9.180000    -9.18000000
   -9.160000    -9.16000000
   -9.140000    -9.14000000
   -9.120000    -9.12000000
   -9.100000    -9.10000000
   -9.080000    -9.08000000
   -9.060000    -9.06000000
   -9.040000    -9.04000000
   -9.020000    -9.02000000
   -9.000000    -9.00000000
   -8.980000    -8.98000000
   -8.960000    -8.96000000
   -8.940000    -8.94000000
   -8.920000    -8.92000000
   -8.900000    -8.90000000
   -8.880000    -8.88000000
   -8.860000    -8.86000000
   -8.840000    -8.84000000
   -8.820000    -8.82000000
   -8.800000    -8.80000000
   -8.780000    -8.78000000
   -8.760000    -8.76000000
   -8.740000    -8.74000000
   -8.720000    -8.72000000
   -8.700000    -8.70000000
   -8.680000    -8.68000000
   -8.660000    -8.66000000
   -8.640000    -8.64000000
   -8.620000    -8.62000000
   -8.600000    -8.60000000
   -8.580000    -8.58000000
   -8.560000    -8.56000000
   -8.540000    -8.54000000
   -8.520000    -8.52000000
   -8.500000    -8.50000000
   -8.480000    -8.48000000
   -8.460000    -8.46000000
   -8.440000    -8.44000000
   -8.420000    -8.42000000
   -8.400000    -8.40000000
   -8.380000    -8.38000000
   -8.360000    -8.36000000
   -8.340000    -8.34000000
   -8.320000    -8.32000000
   -8.300000    -8.30000000
   -8.280000    -8.28000000
   -8.260000    -8.26000000
   -8.240000    -8.24000000
   -8.220000    -8.22000000
   -8.200000    -8.20000000
   -8.180000    -8.18000000
   -8.160000    -8.16000000
   -8.140000    -8.14000000
   -8.120000    -8.12000000
   -8.100000    -8.10000000
   -8.080000    -8.08000000
   -8.060000    -8.06000000
   -8.040000    -8.04000000
   -8.020000    -8.02000000
   -8.000000    -8.00000000
   -7.980000    -7.98000000
   -7.960000    -7.96000000
   -7.940000    -7.94000000
   -7.920000    -7.92000000
   -7.900000    -7.90000000
   -7.880000    -7.88000000
   -7.860000    -7.86000000
   -7.840000    -7.84000000
   -7.820000    -7.82000000
   -7.800000    -7.80000000
   -7.780000    -7.78000000
   -7.760000    -7.76000000
   -7.740000    -7.74000000
   -7.720000    -7.72000000
   -7.700000    -7.70000000
   -7.680000    -7.68000000
   -7.660000    -7.66000000
   -7.640000    -7.64000000
   -7.620000    -7.62000000
   -7.600000    -7.60000000
   -7.580000    -7.58000000
   -7.560000    -7.56000000
   -7.540000    -7.54000000
   -7.520000    -7.52000000
   -7.500000    -7.50000000
   -7.480000    -7.48000000
   -7.460000    -7.46000000
   -7.440000    -7.44000000
   -7.420000    -7.42000000
   -7.400000    -7.40000000
   -7.380000    -7.38000000
   -7.360000    -7.36000000
   -7.340000    -7.34000000
   -7.320000    -7.32000000
   -7.300000    -7.30000000
   -7.280000    -7.28000000
   -7.260000    -7.26000000
   -7.240000    -7.24000000
   -7.220000    -7.22000000
   -7.200000    -7.20000000
   -7.180000    -7.18000000
   -7.160000    -7.16000000
   -7.140000    -7.14000000
   -7.120000    -7.12000000
   -7.100000    -7.10000000
   -7.080000    -7.08000000
   -7.060000    -7.06000000
   -7.040000    -7.04000000
   -7.020000    -7.02000000
   -7.000000    -7.00000000
   -6.980000    -6.98000000
   -6.960000    -6.96000000
   -6.940000    -6.94000000
   -6.920000    -6.92000000
   -6.900000    -6.90000000
   -6.880000    -6.88000000
   -6.860000    -6.86000000
   -6.840000    -6.84000000
   -6.820000    -6.82000000
   -6.800000    -6.80000000
   -6.780000    -6.78000000
   -6.760000    -6.76000000
   -6.740000    -6.74000000
   -6.720000    -6.72000000
   -6.700000    -6.70000000
   -6.680000    -6.68000000
   -6.660000    -6.66000000
   -6.640000    -6.64000000
   -6.620000    -6.62000000
   -6.600000    -6.60000000
   -6.580000    -6.58000000
   -6.560000    -6.56000000
   -6.540000    -6.54000000
   -6.520000    -6.52000000
   -6.500000    -6.50000000
   -6.480000    -6.48000000
   -6.460000    -6.46000000
   -6.440000    -6.44000000
   -6.420000    -6.42000000
   -6.400000    -6.40000000
   -6.380000    -6.38000000
   -6.360000    -6.36000000
   -6.340000    -6.34000000
   -6.320000    -6.32000000
   -6.300000    -6.30000000
   -6.280000    -6.28000000
   -6.260000    -6.26000000
   -6.240000    -6.24000000
   -6.220000    -6.22000000
   -6.200000    -6.20000000
   -6.180000    -6.18000000
   -6.160000    -6.16000000
   -6.140000    -6.14000000
   -6.120000    -6.12000000
   -6.100000    -6.10000000
   -6.080000    -6.08000000
   -6.060000    -6.06000000
   -6.040000    -6.04000000
   -6.020000    -6.02000000
   -6.000000    -6.00000000
   -5.980000    -5.98000000
   -5.960000    -5.96000000
   -5.940000    -5.94000000
   -5.920000    -5.92000000
   -5.900000    -5.90000000
   -5.880000    -5.88000000
   -5.860000    -5.86000000
   -5.840000    -5.84000000
   -5.820000    -5.82000000
   -5.800000    -5.80000000
   -5.780000    -5.78000000
   -5.760000    -5.76000000
   -5.740000    -5.74000000
   -5.720000    -5.72000000
   -5.700000    -5.70000000
   -5.680000    -5.68000000
   -5.660000    -5.66000000
   -5.640000    -5.64000000
   -5.620000    -5.62000000
   -5.600000    -5.60000000
   -5.580000    -5.58000000
   -5.560000    -5.56000000
   -5.540000    -5.54000000
   -5.520000    -5.52000000
   -5.500000    -5.50000000
   -5.480000    -5.48000000
   -5.460000    -5.46000000
   -5.440000    -5.44000000
   -5.420000    -5.42000000
   -5.400000    -5.40000000
   -5.380000    -5.38000000
   -5.360000    -5.36000000
   -5.340000    -5.34000000
   -5.320000    -5.32000000
   -5.300000    -5.30000000
   -5.280000    -5.28000000
   -5.260000    -5.26000000
   -5.240000    -5.24000000
   -5.220000    -5.22000000
   -5.200000    -5.20000000
   -5.180000    -5.18000000
   -5.160000    -5.16000000
   -5.140000    -5.14000000
   -5.120000    -5.12000000
   -5.100000    -5.10000000
   -5.080000    -5.08000000
   -5.060000    -5.06000000
   -5.040000    -5.04000000
   -5.020000    -5.02000000
   -5.000000    -5.00000000
   -4.980000    -4.98000000
   -4.960000    -4.96000000
   -4.940000    -4.94000000
   -4.920000    -4.92000000
   -4.900000    -4.90000000
   -4.880000    -4.88000000
   -4.860000    -4.86000000
   -4.840000    -4.84000000
   -4.820000    -4.82000000
   -4.800000    -4.80000000
   -4.780000    -4.78000000
   -4.760000    -4.76000000
   -4.740000    -4.74000000
   -4.720000    -4.72000000
   -4.700000    -4.70000000
   -4.680000    -4.68000000
   -4.660000    -4.66000000
   -4.640000    -4.64000000
   -4.620000    -4.62000000
   -4.600000    -4.60000000
   -4.580000    -4.58000000
   -4.560000    -4.56000000
   -4.540000    -4.54000000
   -4.520000    -4.52000000
   -4.500000    -4.50000000
   -4.480000    -4.48000000
   -4.460000    -4.46000000
   -4.440000    -4.44000000
   -4.420000    -4.42000000
   -4.400000    -4.40000000
   -4.380000    -4.38000000
   -4.360000    -4.36000000
   -4.340000    -4.34000000
   -4.320000    -4.32000000
   -4.300000    -4.30000000
   -4.280000    -4.28000000
   -4.260000    -4.26000000
   -4.240000    -4.24000000
   -4.220000    -4.22000000
   -4.200000    -4.20000000
   -4.180000    -4.18000000
   -4.160000    -4.16000000
   -4.140000    -4.14000000
   -4.120000    -4.12000000
   -4.100000    -4.10000000
   -4.080000    -4.08000000
   -4.060000    -4.06000000
   -4.040000    -4.04000000
   -4.020000    -4.02000000
   -4.000000    -4.00000000
   -3.980000    -3.98000000
   -3.960000    -3.96000000
   -3.940000    -3.94000000
   -3.920000    -3.92000000
   -3.900000    -3.90000000
   -3.880000    -3.88000000
   -3.860000    -3.86000000
   -3.840000    -3.84000000
   -3.820000    -3.82000000
   -3.800000    -3.80000000
   -3.780000    -3.78000000
   -3.760000    -3.76000000
   -3.740000    -3.74000000
   -3.720000    -3.72000000
   -3.700000    -3.70000000
   -3.680000    -3.68000000
   -3.660000    -3.66000000
   -3.640000    -3.64000000
   -3.620000    -3.62000000
   -3.600000    -3.60000000
   -3.580000    -3.58000000
   -3.560000    -3.56000000
   -3.540000    -3.54000000
   -3.520000    -3.52000000
   -3.500000    -3.50000000
   -3.480000    -3.48000000
   -3.460000    -3.46000000
   -3.440000    -3.44000000
   -3.420000    -3.42000000
   -3.400000    -3.40000000
   -3.380000    -3.38000000
   -3.360000    -3.36000000
   -3.340000    -3.34000000
   -3.320000    -3.32000000
   -3.300000    -3.30000000
   -3.280000    -3.28000000
   -3.260000    -3.26000000
   -3.240000    -3.24000000
   -3.220000    -3.22000000
   -3.200000    -3.20000000
   -3.180000    -3.18000000
   -3.160000    -3.16000000
   -3.140000    -3.14000000
   -3.120000    -3.12000000
   -3.100000    -3.10000000
   -3.080000    -3.08000000
   -3.060000    -3.06000000
   -3.040000    -3.04000000
   -3.020000    -3.02000000
   -3.000000    -3.00000000
   -2.980000    -2.98000000
   -2.960000    -2.96000000
   -2.940000    -2.94000000
   -2.920000    -2.92000000
   -2.900000    -2.90000000
   -2.880000    -2.88000000
   -2.860000    -2.86000000
   -2.840000    -2.84000000
   -2.820000    -2.82000000
   -2.800000    -2.80000000
   -2.780000    -2.78000000
   -2.760000    -2.76000000
   -2.740000    -2.74000000
   -2.720000    -2.72000000
   -2.700000    -2.70000000
   -2.680000    -2.68000000
   -2.660000    -2.66000000
   -2.640000    -2.64000000
   -2.620000    -2.62000000
   -2.600000    -2.60000000
   -2.580000    -2.58000000
   -2.560000    -2.56000000
   -2.540000    -2.54000000
   -2.520000    -2.52000000
   -2.500000    -2.50000000
   -2.480000    -2.48000000
   -2.460000    -2.46000000
   -2.440000    -2.44000000
   -2.420000    -2.42000000
   -2.400000    -2.40000000
   -2.380000    -2.38000000
   -2.360000    -2.36000000
   -2.340000    -2.34000000
   -2.320000    -2.32000000
   -2.300000    -2.30000000
   -2.280000    -2.28000000
   -2.260000    -2.26000000
   -2.240000    -2.24000000
   -2.220000    -2.22000000
   -2.200000    -2.20000000
   -2.180000    -2.18000000
   -2.160000    -2.16000000
   -2.140000    -2.14000000
   -2.120000    -2.12000000
   -2.100000    -2.10000000
   -2.080000    -2.08000000
   -2.060000    -2.06000000
   -2.040000    -2.04000000
   -2.020000    -2.02000000
   -2.000000    -2.00000000
   -1.980000    -1.98000000
   -1.960000    -1.96000000
   -1.940000    -1.94000000
   -1.920000    -1.92000000
   -1.900000    -1.90000000
   -1.880000    -1.88000000
   -1.860000    -1.86000000
   -1.840000    -1.84000000
   -1.820000    -1.82000000
   -1.800000    -1.80000000
   -1.780000    -1.78000000
   -1.760000    -1.76000000
   -1.740000    -1.74000000
   -1.720000    -1.72000000
   -1.700000    -1.70000000
   -1.680000    -1.68000000
   -1.660000    -1.66000000
   -1.640000    -1.64000000
   -1.620000    -1.62000000
   -1.600000    -1.60000000
   -1.580000    -1.58000000
   -1.560000    -1.56000000
   -1.540000    -1.54000000
   -1.520000    -1.52000000
   -1.500000    -1.50000000
   -1.480000    -1.48000000
   -1.460000    -1.46000000
   -1.440000    -1.44000000
   -1.420000    -1.42000000
   -1.400000    -1.40000000
   -1.380000    -1.38000000
   -1.360000    -1.36000000
   -1.340000    -1.34000000
   -1.320000    -1.32000000
   -1.300000    -1.30000000
   -1.280000    -1.28000000
   -1.260000    -1.26000000
   -1.240000    -1.24000000
   -1.220000    -1.22000000
   -1.200000    -1.20000000
   -1.180000    -1.18000000
   -1.160000    -1.16000000
   -1.140000    -1.14000000
   -1.120000    -1.12000000
   -1.100000    -1.10000000
   -1.080000    -1.08000000
   -1.060000    -1.06000000
   -1.040000    -1.04000000
   -1.020000    -1.02000000
   -1.000000    -1.00000000
   -0.980000    -0.98000000
   -0.960000    -0.96000000
   -0.940000    -0.94000000
   -0.920000    -0.92000000
   -0.900000    -0.90000000
   -0.880000    -0.88000000
   -0.860000    -0.86000000
   -0.840000    -0.84000000
   -0.820000    -0.82000000
   -0.800000    -0.80000000
   -0.780000    -0.78000000
   -0.760000    -0.76000000
   -0.740000    -0.74000000
   -0.720000    -0.72000000
   -0.700000    -0.70000000
   -0.680000    -0.68000000
   -0.660000    -0.66000000
   -0.640000    -0.64000000
   -0.620000    -0.62000000
   -0.600000    -0.60000000
   -0.580000    -0.58000000
   -0.560000    -0.56000000
   -0.540000    -0.54000000
   -0.520000    -0.52000000
   -0.500000    -0.50000000
   -0.480000    -0.48000000
   -0.460000    -0.46000000
   -0.440000    -0.44000000
   -0.420000    -0.42000000
   -0.400000    -0.40000000
   -0.380000    -0.38000000
   -0.360000    -0.36000000
   -0.340000    -0.34000000
   -0.320000    -0.32000000
   -0.300000    -0.30000000
   -0.280000    -0.28000000
   -0.260000    -0.26000000
   -0.240000    -0.24000000
   -0.220000    -0.22000000
   -0.200000    -0.20000000
   -0.180000    -0.18000000
   -0.160000    -0.16000000
   -0.140000    -0.14000000
   -0.120000    -0.12000000
   -0.100000    -0.10000000
   -0.080000    -0.08000000
   -0.060000    -0.06000000
   -0.040000    -0.04000000
   -0.020000    -0.02000000
    0.000000     0.00000000
    0.020000     0.02000000
    0.040000     0.04000000
    0.060000     0.06000000
    0.080000     0.08000000
    0.100000     0.10000000
    0.120000     0.12000000
    0.140000     0.14000000
    0.160000     0.16000000
    0.180000     0.18000000
    0.200000     0.20000000
    0.220000     0.22000000
    0.240000     0.24000000
    0.260000     0.26000000
    0.280000     0.28000000
    0.300000     0.30000000
    0.320000     0.32000000
    0.340000     0.34000000
    0.360000     0.36000000
    0.380000     0.38000000
    0.400000     0.40000000
    0.420000     0.42000000
    0.440000     0.44000000
    0.460000     0.46000000
    0.480000     0.48000000
    0.500000     0.50000000
    0.520000     0.52000000
    0.540000     0.54000000
    0.560000     0.56000000
    0.580000     0.58000000
    0.600000     0.60000000
    0.620000     0.62000000
    0.640000     0.64000000
    0.660000     0.66000000
    0.680000     0.68000000
    0.700000     0.70000000
    0.720000     0.72000000
    0.740000     0.74000000
    0.760000     0.76000000
    0.780000     0.78000000
    0.800000     0.80000000
    0.820000     0.82000000
    0.840000     0.84000000
    0.860000     0.86000000
    0.880000     0.88000000
    0.900000     0.90000000
    0.920000     0.92000000
    0.940000     0.94000000
    0.960000     0.96000000
    0.980000     0.98000000
    1.000000     1.00000000
    1.020000     1.02000000
    1.040000     1.04000000
    1.060000     1.06000000
    1.080000     1.08000000
    1.100000     1.10000000
    1.120000     1.12000000
    1.140000     1.14000000
    1.160000     1.16000000
    1.180000     1.18000000
    1.200000     1.20000000
    1.220000     1.22000000
    1.240000     1.24000000
    1.260000     1.26000000
    1.280000     1.28000000
    1.300000     1.30000000
    1.320000     1.32000000
    1.340000     1.34000000
    1.360000     1.36000000
    1.380000     1.38000000
    1.400000     1.40000000
    1.420000     1.42000000
    1.440000     1.44000000
    1.460000     1.46000000
    1.480000     1.48000000
    1.500000     1.50000000
    1.520000     1.52000000
    1.540000     1.54000000
    1.560000     1.56000000
    1.580000     1.58000000
    1.600000     1.60000000
    1.620000     1.62000000
    1.640000     1.64000000
    1.660000     1.66000000
    1.680000     1.68000000
    1.700000     1.70000000
    1.720000     1.72000000
    1.740000     1.74000000
    1.760000     1.76000000
    1.780000     1.78000000
    1.800000     1.80000000
    1.820000     1.82000000
    1.840000     1.84000000
    1.860000     1.86000000
    1.880000     1.88000000
    1.900000     1.90000000
    1.920000     1.92000000
    1.940000     1.94000000
    1.960000     1.96000000
    1.980000     1.98000000
    2.000000     2.00000000
    2.020000     2.02000000
    2.040000     2.04000000
    2.060000     2.06000000
    2.080000     2.08000000
    2.100000     2.10000000
    2.120000     2.12000000
    2.140000     2.14000000
    2.160000     2.16000000
    2.180000     2.18000000
    2.200000     2.20000000
    2.220000     2.22000000
    2.240000     2.24000000
    2.260000     2.26000000
    2.280000     2.28000000
    2.300000     2.30000000
    2.320000     2.32000000
    2.340000     2.34000000
    2.360000     2.36000000
    2.380000     2.38000000
    2.400000     2.40000000
    2.420000     2.42000000
    2.440000     2.44000000
    2.460000     2.46000000
    2.480000     2.48000000
    2.500000     2.50000000
    2.520000     2.52000000
    2.540000     2.54000000
    2.560000     2.56000000
    2.580000     2.58000000
    2.600000     2.60000000
    2.620000     2.62000000
    2.640000     2.64000000
    2.660000     2.66000000
    2.680000     2.68000000
    2.700000     2.70000000
    2.720000     2.72000000
    2.740000     2.74000000
    2.760000     2.76000000
    2.780000     2.78000000
    2.800000     2.80000000
    2.820000     2.82000000
    2.840000     2.84000000
    2.860000     2.86000000
    2.880000     2.88000000
    2.900000     2.90000000
    2.920000     2.92000000
    2.940000     2.94000000
    2.960000     2.96000000
    2.980000     2.98000000
    3.000000     3.00000000
    3.020000     3.02000000
    3.040000     3.04000000
    3.060000     3.06000000
    3.080000     3.08000000
    3.100000     3.10000000
    3.120000     3.12000000
    3.140000     3.14000000
    3.160000     3.16000000
    3.180000     3.18000000
    3.200000     3.20000000
    3.220000     3.22000000
    3.240000     3.24000000
    3.260000     3.26000000
    3.280000     3.28000000
    3.300000     3.30000000
    3.320000     3.32000000
    3.340000     3.34000000
    3.360000     3.36000000
    3.380000     3.38000000
    3.400000     3.40000000
    3.420000     3.42000000
    3.440000     3.44000000
    3.460000     3.46000000
    3.480000     3.48000000
    3.500000     3.50000000
    3.520000     3.52000000
    3.540000     3.54000000
    3.560000     3.56000000
    3.580000     3.58000000
    3.600000     3.60000000
    3.620000     3.62000000
    3.640000     3.64000000
    3.660000     3.66000000
    3.680000     3.68000000
    3.700000     3.70000000
    3.720000     3.72000000
    3.740000     3.74000000
    3.760000     3.76000000
    3.780000     3.78000000
    3.800000     3.80000000
    3.820000     3.82000000
    3.840000     3.84000000
    3.860000     3.86000000
    3.880000     3.88000000
    3.900000     3.90000000
    3.920000     3.92000000
    3.940000     3.94000000
    3.960000     3.96000000
    3.980000     3.98000000
    4.000000     4.00000000
    4.020000     4.02000000
    4.040000     4.04000000
    4.060000     4.06000000
    4.080000     4.08000000
    4.100000     4.10000000
    4.120000     4.12000000
    4.140000     4.14000000
    4.160000     4.16000000
    4.180000     4.18000000
    4.200000     4.20000000
    4.220000     4.22000000
    4.240000     4.24000000
    4.260000     4.26000000
    4.280000     4.28000000
    4.300000     4.30000000
    4.320000     4.32000000
    4.340000     4.34000000
    4.360000     4.36000000
    4.380000     4.38000000
    4.400000     4.40000000
    4.420000     4.42000000
    4.440000     4.44000000
    4.460000     4.46000000
    4.480000     4.48000000
    4.500000     4.50000000
    4.520000     4.52000000
    4.540000     4.54000000
    4.560000     4.56000000
    4.580000     4.58000000
    4.600000     4.60000000
    4.620000     4.62000000
    4.640000     4.64000000
    4.660000     4.66000000
    4.680000     4.68000000
    4.700000     4.70000000
    4.720000     4.72000000
    4.740000     4.74000000
    4.760000     4.76000000
    4.780000     4.78000000
    4.800000     4.80000000
    4.820000     4.82000000
    4.840000     4.84000000
    4.860000     4.86000000
    4.880000     4.88000000
    4.900000     4.90000000
    4.920000     4.92000000
    4.940000     4.94000000
    4.960000     4.96000000
    4.980000     4.98000000
    5.000000     5.00000000
    5.020000     5.02000000
    5.040000     5.04000000
    5.060000     5.06000000
    5.080000     5.08000000
    5.100000     5.10000000
    5.120000     5.12000000
    5.140000     5.14000000
    5.160000     5.16000000
    5.180000     5.18000000
    5.200000     5.20000000
    5.220000     5.22000000
    5.240000     5.24000000
    5.260000     5.26000000
    5.280000     5.28000000
    5.300000     5.30000000
    5.320000     5.32000000
    5.340000     5.34000000
    5.360000     5.36000000
    5.380000     5.38000000
    5.400000     5.40000000
    5.420000     5.42000000
    5.440000     5.44000000
    5.460000     5.46000000
    5.480000     5.48000000
    5.500000     5.50000000
    5.520000     5.52000000
    5.540000     5.54000000
    5.560000     5.56000000
    5.580000     5.58000000
    5.600000     5.60000000
    5.620000     5.62000000
    5.640000     5.64000000
    5.660000     5.66000000
    5.680000     5.68000000
    5.700000     5.70000000
    5.720000     5.72000000
    5.740000     5.74000000
    5.760000     5.76000000
    5.780000     5.78000000
    5.800000     5.80000000
    5.820000     5.82000000
    5.840000     5.84000000
    5.860000     5.86000000
    5.880000     5.88000000
    5.900000     5.90000000
    5.920000     5.92000000
    5.940000     5.94000000
    5.960000     5.96000000
    5.980000     5.98000000
    6.000000     6.00000000
    6.020000     6.02000000
    6.040000     6.04000000
    6.060000     6.06000000
    6.080000     6.08000000
    6.100000     6.10000000
    6.120000     6.12000000
    6.140000     6.14000000
    6.160000     6.16000000
    6.180000     6.18000000
    6.200000     6.20000000
    6.220000     6.22000000
    6.240000     6.24000000
    6.260000     6.26000000
    6.280000     6.28000000
    6.300000     6.30000000
    6.320000     6.32000000
    6.340000     6.34000000
    6.360000     6.36000000
    6.380000     6.38000000
    6.400000     6.40000000
    6.420000     6.42000000
    6.440000     6.44000000
    6.460000     6.46000000
    6.480000     6.48000000
    6.500000     6.50000000
    6.520000     6.52000000
    6.540000     6.54000000
    6.560000     6.56000000
    6.580000     6.58000000
    6.600000     6.60000000
    6.620000     6.62000000
    6.640000     6.64000000
    6.660000     6.66000000
    6.680000     6.68000000
    6.700000     6.70000000
    6.720000     6.72000000
    6.740000     6.74000000
    6.760000     6.76000000
    6.780000     6.78000000
    6.800000     6.80000000
    6.820000     6.82000000
    6.840000     6.84000000
    6.860000     6.86000000
    6.880000     6.88000000
    6.900000     6.90000000
    6.920000     6.92000000
    6.940000     6.94000000
    6.960000     6.96000000
    6.980000     6.98000000
    7.000000     7.00000000
    7.020000     7.02000000
    7.040000     7.04000000
    7.060000     7.06000000
    7.080000     7.08000000
    7.100000     7.10000000
    7.120000     7.12000000
    7.140000     7.14000000
    7.160000     7.16000000
    7.180000     7.18000000
    7.200000     7.20000000
    7.220000     7.22000000
    7.240000     7.24000000
    7.260000     7.26000000
    7.280000     7.28000000
    7.300000     7.30000000
    7.320000     7.32000000
    7.340000     7.34000000
    7.360000     7.36000000
    7.380000     7.38000000
    7.400000     7.40000000
    7.420000     7.42000000
    7.440000     7.44000000
    7.460000     7.46000000
    7.480000     7.48000000
    7.500000     7.50000000
    7.520000     7.52000000
    7.540000     7.54000000
    7.560000     7.56000000
    7.580000     7.58000000
    7.600000     7.60000000
    7.620000     7.62000000
    7.640000     7.64000000
    7.660000     7.66000000
    7.680000     7.68000000
    7.700000     7.70000000
    7.720000     7.72000000
    7.740000     7.74000000
    7.760000     7.76000000
    7.780000     7.78000000
    7.800000     7.80000000
    7.820000     7.82000000
    7.840000     7.84000000
    7.860000     7.86000000
    7.880000     7.88000000
    7.900000     7.90000000
    7.920000     7.92000000
    7.940000     7.94000000
    7.960000     7.96000000
    7.980000     7.98000000
    8.000000     8.00000000
    8.020000     8.02000000
    8.040000     8.04000000
    8.060000     8.06000000
    8.080000     8.08000000
    8.100000     8.10000000
    8.120000     8.12000000
    8.140000     8.14000000
    8.160000     8.16000000
    8.180000     8.18000000
    8.200000     8.20000000
    8.220000     8.22000000
    8.240000     8.24000000
    8.260000     8.26000000
    8.280000     8.28000000
    8.300000     8.30000000
    8.320000     8.32000000
    8.340000     8.34000000
    8.360000     8.36000000
    8.380000     8.38000000
    8.400000     8.40000000
    8.420000     8.42000000
    8.440000     8.44000000
    8.460000     8.46000000
    8.480000     8.48000000
    8.500000     8.50000000
    8.520000     8.52000000
    8.540000     8.54000000
    8.560000     8.56000000
    8.580000     8.58000000
    8.600000     8.60000000
    8.620000     8.62000000
    8.640000     8.64000000
    8.660000     8.66000000
    8.680000     8.68000000
    8.700000     8.70000000
    8.720000     8.72000000
    8.740000     8.74000000
    8.760000     8.76000000
    8.780000     8.78000000
    8.800000     8.80000000
    8.820000     8.82000000
    8.840000     8.84000000
    8.860000     8.86000000
    8.880000     8.88000000
    8.900000     8.90000000
    8.920000     8.92000000
    8.940000     8.94000000
    8.960000     8.96000000
    8.980000     8.98000000
    9.000000     9.00000000
    9.020000     9.02000000
    9.040000     9.04000000
    9.060000     9.06000000
    9.080000     9.08000000
    9.100000     9.10000000
    9.120000     9.12000000
    9.140000     9.14000000
    9.160000     9.16000000
    9.180000     9.18000000
    9.200000     9.20000000
    9.220000     9.22000000
    9.240000     9.24000000
    9.260000     9.26000000
    9.280000     9.28000000
    9.300000     9.30000000
    9.320000     9.32000000
    9.340000     9.34000000
    9.360000     9.36000000
    9.380000     9.38000000
    9.400000     9.40000000
    9.420000     9.42000000
    9.440000     9.44000000
    9.460000     9.46000000
    9.480000     9.48000000
    9.500000     9.50000000
    9.520000     9.52000000
    9.540000     9.54000000
    9.560000     9.56000000
    9.580000     9.58000000
    9.600000     9.60000000
    9.620000     9.62000000
    9.640000     9.64000000
    9.660000     9.66000000
    9.680000     9.68000000
    9.700000     9.70000000
    9.720000     9.72000000
    9.740000     9.74000000
    9.760000     9.76000000
    9.780000     9.78000000
    9.800000     9.80000000
    9.820000     9.82000000
    9.840000     9.84000000
    9.860000     9.86000000
    9.880000     9.88000000
    9.900000     9.90000000
    9.920000     9.92000000
    9.940000     9.94000000
    9.960000     9.96000000
    9.980000     9.98000000

#  1 . Quadratic function
  -10.000000   100.00000000
   -9.980000    99.60040000
   -9.960000    99.20160000
   -9.940000    98.80360000
   -9.920000    98.40640000
   -9.900000    98.01000000
   -9.880000    97.61440000
   -9.860000    97.21960000
   -9.840000    96.82560000
   -9.820000    96.43240000
   -9.800000    96.04000000
   -9.780000    95.64840000
   -9.760000    95.25760000
   -9.740000    94.86760000
   -9.720000    94.47840000
   -9.700000    94.09000000
   -9.680000    93.70240000
   -9.660000    93.31560000
   -9.640000    92.92960000
   -9.620000    92.54440000
   -9.600000    92.16000000
   -9.580000    91.77640000
   -9.560000    91.39360000
   -9.540000    91.01160000
   -9.520000    90.63040000
   -9.500000    90.25000000
   -9.480000    89.87040000
   -9.460000    89.49160000
   -9.440000    89.11360000
   -9.420000    88.73640000
   -9.400000    88.36000000
   -9.380000    87.98440000
   -9.360000    87.60960000
   -9.340000    87.23560000
   -9.320000    86.86240000
   -9.300000    86.49000000
   -9.280000    86.11840000
   -9.260000    85.74760000
   -9.240000    85.37760000
   -9.220000    85.00840000
   -9.200000    84.64000000
   -9.180000    84.27240000
   -9.160000    83.90560000
   -9.140000    83.53960000
   -9.120000    83.17440000
   -9.100000    82.81000000
   -9.080000    82.44640000
   -9.060000    82.08360000
   -9.040000    81.72160000
   -9.020000    81.36040000
   -9.000000    81.00000000
   -8.980000    80.64040000
   -8.960000    80.28160000
   -8.940000    79.92360000
   -8.920000    79.56640000
   -8.900000    79.21000000
   -8.880000    78.85440000
   -8.860000    78.49960000
   -8.840000    78.14560000
   -8.820000    77.79240000
   -8.800000    77.44000000
   -8.780000    77.08840000
   -8.760000    76.73760000
   -8.740000    76.38760000
   -8.720000    76.03840000
   -8.700000    75.69000000
   -8.680000    75.34240000
   -8.660000    74.99560000
   -8.640000    74.64960000
   -8.620000    74.30440000
   -8.600000    73.96000000
   -8.580000    73.61640000
   -8.560000    73.27360000
   -8.540000    72.93160000
   -8.520000    72.59040000
   -8.500000    72.25000000
   -8.480000    71.91040000
   -8.460000    71.57160000
   -8.440000    71.23360000
   -8.420000    70.89640000
   -8.400000    70.56000000
   -8.380000    70.22440000
   -8.360000    69.88960000
   -8.340000    69.55560000
   -8.320000    69.22240000
   -8.300000    68.89000000
   -8.280000    68.55840000
   -8.260000    68.22760000
   -8.240000    67.89760000
   -8.220000    67.56840000
   -8.200000    67.24000000
   -8.180000    66.91240000
   -8.160000    66.58560000
   -8.140000    66.25960000
   -8.120000    65.93440000
   -8.100000    65.61000000
   -8.080000    65.28640000
   -8.060000    64.96360000
   -8.040000    64.64160000
   -8.020000    64.32040000
   -8.000000    64.00000000
   -7.980000    63.68040000
   -7.960000    63.36160000
   -7.940000    63.04360000
   -7.920000    62.72640000
   -7.900000    62.41000000
   -7.880000    62.09440000
   -7.860000    61.77960000
   -7.840000    61.46560000
   -7.820000    61.15240000
   -7.800000    60.84000000
   -7.780000    60.52840000
   -7.760000    60.21760000
   -7.740000    59.90760000
   -7.720000    59.59840000
   -7.700000    59.29000000
   -7.680000    58.98240000
   -7.660000    58.67560000
   -7.640000    58.36960000
   -7.620000    58.06440000
   -7.600000    57.76000000
   -7.580000    57.45640000
   -7.560000    57.15360000
   -7.540000    56.85160000
   -7.520000    56.55040000
   -7.500000    56.25000000
   -7.480000    55.95040000
   -7.460000    55.65160000
   -7.440000    55.35360000
   -7.420000    55.05640000
   -7.400000    54.76000000
   -7.380000    54.46440000
   -7.360000    54.16960000
   -7.340000    53.87560000
   -7.320000    53.58240000
   -7.300000    53.29000000
   -7.280000    52.99840000
   -7.260000    52.70760000
   -7.240000    52.41760000
   -7.220000    52.12840000
   -7.200000    51.84000000
   -7.180000    51.55240000
   -7.160000    51.26560000
   -7.140000    50.97960000
   -7.120000    50.69440000
   -7.100000    50.41000000
   -7.080000    50.12640000
   -7.060000    49.84360000
   -7.040000    49.56160000
   -7.020000    49.28040000
   -7.000000    49.00000000
   -6.980000    48.72040000
   -6.960000    48.44160000
   -6.940000    48.16360000
   -6.920000    47.88640000
   -6.900000    47.61000000
   -6.880000    47.33440000
   -6.860000    47.05960000
   -6.840000    46.78560000
   -6.820000    46.51240000
   -6.800000    46.24000000
   -6.780000    45.96840000
   -6.760000    45.69760000
   -6.740000    45.42760000
   -6.720000    45.15840000
   -6.700000    44.89000000
   -6.680000    44.62240000
   -6.660000    44.35560000
   -6.640000    44.08960000
   -6.620000    43.82440000
   -6.600000    43.56000000
   -6.580000    43.29640000
   -6.560000    43.03360000
   -6.540000    42.77160000
   -6.520000    42.51040000
   -6.500000    42.25000000
   -6.480000    41.99040000
   -6.460000    41.73160000
   -6.440000    41.47360000
   -6.420000    41.21640000
   -6.400000    40.96000000
   -6.380000    40.70440000
   -6.360000    40.44960000
   -6.340000    40.19560000
   -6.320000    39.94240000
   -6.300000    39.69000000
   -6.280000    39.43840000
   -6.260000    39.18760000
   -6.240000    38.93760000
   -6.220000    38.68840000
   -6.200000    38.44000000
   -6.180000    38.19240000
   -6.160000    37.94560000
   -6.140000    37.69960000
   -6.120000    37.45440000
   -6.100000    37.21000000
   -6.080000    36.96640000
   -6.060000    36.72360000
   -6.040000    36.48160000
   -6.020000    36.24040000
   -6.000000    36.00000000
   -5.980000    35.76040000
   -5.960000    35.52160000
   -5.940000    35.28360000
   -5.920000    35.04640000
   -5.900000    34.81000000
   -5.880000    34.57440000
   -5.860000    34.33960000
   -5.840000    34.10560000
   -5.820000    33.87240000
   -5.800000    33.64000000
   -5.780000    33.40840000
   -5.760000    33.17760000
   -5.740000    32.94760000
   -5.720000    32.71840000
   -5.700000    32.49000000
   -5.680000    32.26240000
   -5.660000    32.03560000
   -5.640000    31.80960000
   -5.620000    31.58440000
   -5.600000    31.36000000
   -5.580000    31.13640000
   -5.560000    30.91360000
   -5.540000    30.69160000
   -5.520000    30.47040000
   -5.500000    30.25000000
   -5.480000    30.03040000
   -5.460000    29.81160000
   -5.440000    29.59360000
   -5.420000    29.37640000
   -5.400000    29.16000000
   -5.380000    28.94440000
   -5.360000    28.72960000
   -5.340000    28.51560000
   -5.320000    28.30240000
   -5.300000    28.09000000
   -5.280000    27.87840000
   -5.260000    27.66760000
   -5.240000    27.45760000
   -5.220000    27.24840000
   -5.200000    27.04000000
   -5.180000    26.83240000
   -5.160000    26.62560000
   -5.140000    26.41960000
   -5.120000    26.21440000
   -5.100000    26.01000000
   -5.080000    25.80640000
   -5.060000    25.60360000
   -5.040000    25.40160000
   -5.020000    25.20040000
   -5.000000    25.00000000
   -4.980000    24.80040000
   -4.960000    24.60160000
   -4.940000    24.40360000
   -4.920000    24.20640000
   -4.900000    24.01000000
   -4.880000    23.81440000
   -4.860000    23.61960000
   -4.840000    23.42560000
   -4.820000    23.23240000
   -4.800000    23.04000000
   -4.780000    22.84840000
   -4.760000    22.65760000
   -4.740000    22.46760000
   -4.720000    22.27840000
   -4.700000    22.09000000
   -4.680000    21.90240000
   -4.660000    21.71560000
   -4.640000    21.52960000
   -4.620000    21.34440000
   -4.600000    21.16000000
   -4.580000    20.97640000
   -4.560000    20.79360000
   -4.540000    20.61160000
   -4.520000    20.43040000
   -4.500000    20.25000000
   -4.480000    20.07040000
   -4.460000    19.89160000
   -4.440000    19.71360000
   -4.420000    19.53640000
   -4.400000    19.36000000
   -4.380000    19.18440000
   -4.360000    19.00960000
   -4.340000    18.83560000
   -4.320000    18.66240000
   -4.300000    18.49000000
   -4.280000    18.31840000
   -4.260000    18.14760000
   -4.240000    17.97760000
   -4.220000    17.80840000
   -4.200000    17.64000000
   -4.180000    17.47240000
   -4.160000    17.30560000
   -4.140000    17.13960000
   -4.120000    16.97440000
   -4.100000    16.81000000
   -4.080000    16.64640000
   -4.060000    16.48360000
   -4.040000    16.32160000
   -4.020000    16.16040000
   -4.000000    16.00000000
   -3.980000    15.84040000
   -3.960000    15.68160000
   -3.940000    15.52360000
   -3.920000    15.36640000
   -3.900000    15.21000000
   -3.880000    15.05440000
   -3.860000    14.89960000
   -3.840000    14.74560000
   -3.820000    14.59240000
   -3.800000    14.44000000
   -3.780000    14.28840000
   -3.760000    14.13760000
   -3.740000    13.98760000
   -3.720000    13.83840000
   -3.700000    13.69000000
   -3.680000    13.54240000
   -3.660000    13.39560000
   -3.640000    13.24960000
   -3.620000    13.10440000
   -3.600000    12.96000000
   -3.580000    12.81640000
   -3.560000    12.67360000
   -3.540000    12.53160000
   -3.520000    12.39040000
   -3.500000    12.25000000
   -3.480000    12.11040000
   -3.460000    11.97160000
   -3.440000    11.83360000
   -3.420000    11.69640000
   -3.400000    11.56000000
   -3.380000    11.42440000
   -3.360000    11.28960000
   -3.340000    11.15560000
   -3.320000    11.02240000
   -3.300000    10.89000000
   -3.280000    10.75840000
   -3.260000    10.62760000
   -3.240000    10.49760000
   -3.220000    10.36840000
   -3.200000    10.24000000
   -3.180000    10.11240000
   -3.160000     9.98560000
   -3.140000     9.85960000
   -3.120000     9.73440000
   -3.100000     9.61000000
   -3.080000     9.48640000
   -3.060000     9.36360000
   -3.040000     9.24160000
   -3.020000     9.12040000
   -3.000000     9.00000000
   -2.980000     8.88040000
   -2.960000     8.76160000
   -2.940000     8.64360000
   -2.920000     8.52640000
   -2.900000     8.41000000
   -2.880000     8.29440000
   -2.860000     8.17960000
   -2.840000     8.06560000
   -2.820000     7.95240000
   -2.800000     7.84000000
   -2.780000     7.72840000
   -2.760000     7.61760000
   -2.740000     7.50760000
   -2.720000     7.39840000
   -2.700000     7.29000000
   -2.680000     7.18240000
   -2.660000     7.07560000
   -2.640000     6.96960000
   -2.620000     6.86440000
   -2.600000     6.76000000
   -2.580000     6.65640000
   -2.560000     6.55360000
   -2.540000     6.45160000
   -2.520000     6.35040000
   -2.500000     6.25000000
   -2.480000     6.15040000
   -2.460000     6.05160000
   -2.440000     5.95360000
   -2.420000     5.85640000
   -2.400000     5.76000000
   -2.380000     5.66440000
   -2.360000     5.56960000
   -2.340000     5.47560000
   -2.320000     5.38240000
   -2.300000     5.29000000
   -2.280000     5.19840000
   -2.260000     5.10760000
   -2.240000     5.01760000
   -2.220000     4.92840000
   -2.200000     4.84000000
   -2.180000     4.75240000
   -2.160000     4.66560000
   -2.140000     4.57960000
   -2.120000     4.49440000
   -2.100000     4.41000000
   -2.080000     4.32640000
   -2.060000     4.24360000
   -2.040000     4.16160000
   -2.020000     4.08040000
   -2.000000     4.00000000
   -1.980000     3.92040000
   -1.960000     3.84160000
   -1.940000     3.76360000
   -1.920000     3.68640000
   -1.900000     3.61000000
   -1.880000     3.53440000
   -1.860000     3.45960000
   -1.840000     3.38560000
   -1.820000     3.31240000
   -1.800000     3.24000000
   -1.780000     3.16840000
   -1.760000     3.09760000
   -1.740000     3.02760000
   -1.720000     2.95840000
   -1.700000     2.89000000
   -1.680000     2.82240000
   -1.660000     2.75560000
   -1.640000     2.68960000
   -1.620000     2.62440000
   -1.600000     2.56000000
   -1.580000     2.49640000
   -1.560000     2.43360000
   -1.540000     2.37160000
   -1.520000     2.31040000
   -1.500000     2.25000000
   -1.480000     2.19040000
   -1.460000     2.13160000
   -1.440000     2.07360000
   -1.420000     2.01640000
   -1.400000     1.96000000
   -1.380000     1.90440000
   -1.360000     1.84960000
   -1.340000     1.79560000
   -1.320000     1.74240000
   -1.300000     1.69000000
   -1.280000     1.63840000
   -1.260000     1.58760000
   -1.240000     1.53760000
   -1.220000     1.48840000
   -1.200000     1.44000000
   -1.180000     1.39240000
   -1.160000     1.34560000
   -1.140000     1.29960000
   -1.120000     1.25440000
   -1.100000     1.21000000
   -1.080000     1.16640000
   -1.060000     1.12360000
   -1.040000     1.08160000
   -1.020000     1.04040000
   -1.000000     1.00000000
   -0.980000     0.96040000
   -0.960000     0.92160000
   -0.940000     0.88360000
   -0.920000     0.84640000
   -0.900000     0.81000000
   -0.880000     0.77440000
   -0.860000     0.73960000
   -0.840000     0.70560000
   -0.820000     0.67240000
   -0.800000     0.64000000
   -0.780000     0.60840000
   -0.760000     0.57760000
   -0.740000     0.54760000
   -0.720000     0.51840000
   -0.700000     0.49000000
   -0.680000     0.46240000
   -0.660000     0.43560000
   -0.640000     0.40960000
   -0.620000     0.38440000
   -0.600000     0.36000000
   -0.580000     0.33640000
   -0.560000     0.31360000
   -0.540000     0.29160000
   -0.520000     0.27040000
   -0.500000     0.25000000
   -0.480000     0.23040000
   -0.460000     0.21160000
   -0.440000     0.19360000
   -0.420000     0.17640000
   -0.400000     0.16000000
   -0.380000     0.14440000
   -0.360000     0.12960000
   -0.340000     0.11560000
   -0.320000     0.10240000
   -0.300000     0.09000000
   -0.280000     0.07840000
   -0.260000     0.06760000
   -0.240000     0.05760000
   -0.220000     0.04840000
   -0.200000     0.04000000
   -0.180000     0.03240000
   -0.160000     0.02560000
   -0.140000     0.01960000
   -0.120000     0.01440000
   -0.100000     0.01000000
   -0.080000     0.00640000
   -0.060000     0.00360000
   -0.040000     0.00160000
   -0.020000     0.00040000
    0.000000     0.00000000
    0.020000     0.00040000
    0.040000     0.00160000
    0.060000     0.00360000
    0.080000     0.00640000
    0.100000     0.01000000
    0.120000     0.01440000
    0.140000     0.01960000
    0.160000     0.02560000
    0.180000     0.03240000
    0.200000     0.04000000
    0.220000     0.04840000
    0.240000     0.05760000
    0.260000     0.06760000
    0.280000     0.07840000
    0.300000     0.09000000
    0.320000     0.10240000
    0.340000     0.11560000
    0.360000     0.12960000
    0.380000     0.14440000
    0.400000     0.16000000
    0.420000     0.17640000
    0.440000     0.19360000
    0.460000     0.21160000
    0.480000     0.23040000
    0.500000     0.25000000
    0.520000     0.27040000
    0.540000     0.29160000
    0.560000     0.31360000
    0.580000     0.33640000
    0.600000     0.36000000
    0.620000     0.38440000
    0.640000     0.40960000
    0.660000     0.43560000
    0.680000     0.46240000
    0.700000     0.49000000
    0.720000     0.51840000
    0.740000     0.54760000
    0.760000     0.57760000
    0.780000     0.60840000
    0.800000     0.64000000
    0.820000     0.67240000
    0.840000     0.70560000
    0.860000     0.73960000
    0.880000     0.77440000
    0.900000     0.81000000
    0.920000     0.84640000
    0.940000     0.88360000
    0.960000     0.92160000
    0.980000     0.96040000
    1.000000     1.00000000
    1.020000     1.04040000
    1.040000     1.08160000
    1.060000     1.12360000
    1.080000     1.16640000
    1.100000     1.21000000
    1.120000     1.25440000
    1.140000     1.29960000
    1.160000     1.34560000
    1.180000     1.39240000
    1.200000     1.44000000
    1.220000     1.48840000
    1.240000     1.53760000
    1.260000     1.58760000
    1.280000     1.63840000
    1.300000     1.69000000
    1.320000     1.74240000
    1.340000     1.79560000
    1.360000     1.84960000
    1.380000     1.90440000
    1.400000     1.96000000
    1.420000     2.01640000
    1.440000     2.07360000
    1.460000     2.13160000
    1.480000     2.19040000
    1.500000     2.25000000
    1.520000     2.31040000
    1.540000     2.37160000
    1.560000     2.43360000
    1.580000     2.49640000
    1.600000     2.56000000
    1.620000     2.62440000
    1.640000     2.68960000
    1.660000     2.75560000
    1.680000     2.82240000
    1.700000     2.89000000
    1.720000     2.95840000
    1.740000     3.02760000
    1.760000     3.09760000
    1.780000     3.16840000
    1.800000     3.24000000
    1.820000     3.31240000
    1.840000     3.38560000
    1.860000     3.45960000
    1.880000     3.53440000
    1.900000     3.61000000
    1.920000     3.68640000
    1.940000     3.76360000
    1.960000     3.84160000
    1.980000     3.92040000
    2.000000     4.00000000
    2.020000     4.08040000
    2.040000     4.16160000
    2.060000     4.24360000
    2.080000     4.32640000
    2.100000     4.41000000
    2.120000     4.49440000
    2.140000     4.57960000
    2.160000     4.66560000
    2.180000     4.75240000
    2.200000     4.84000000
    2.220000     4.92840000
    2.240000     5.01760000
    2.260000     5.10760000
    2.280000     5.19840000
    2.300000     5.29000000
    2.320000     5.38240000
    2.340000     5.47560000
    2.360000     5.56960000
    2.380000     5.66440000
    2.400000     5.76000000
    2.420000     5.85640000
    2.440000     5.95360000
    2.460000     6.05160000
    2.480000     6.15040000
    2.500000     6.25000000
    2.520000     6.35040000
    2.540000     6.45160000
    2.560000     6.55360000
    2.580000     6.65640000
    2.600000     6.76000000
    2.620000     6.86440000
    2.640000     6.96960000
    2.660000     7.07560000
    2.680000     7.18240000
    2.700000     7.29000000
    2.720000     7.39840000
    2.740000     7.50760000
    2.760000     7.61760000
    2.780000     7.72840000
    2.800000     7.84000000
    2.820000     7.95240000
    2.840000     8.06560000
    2.860000     8.17960000
    2.880000     8.29440000
    2.900000     8.41000000
    2.920000     8.52640000
    2.940000     8.64360000
    2.960000     8.76160000
    2.980000     8.88040000
    3.000000     9.00000000
    3.020000     9.12040000
    3.040000     9.24160000
    3.060000     9.36360000
    3.080000     9.48640000
    3.100000     9.61000000
    3.120000     9.73440000
    3.140000     9.85960000
    3.160000     9.98560000
    3.180000    10.11240000
    3.200000    10.24000000
    3.220000    10.36840000
    3.240000    10.49760000
    3.260000    10.62760000
    3.280000    10.75840000
    3.300000    10.89000000
    3.320000    11.02240000
    3.340000    11.15560000
    3.360000    11.28960000
    3.380000    11.42440000
    3.400000    11.56000000
    3.420000    11.69640000
    3.440000    11.83360000
    3.460000    11.97160000
    3.480000    12.11040000
    3.500000    12.25000000
    3.520000    12.39040000
    3.540000    12.53160000
    3.560000    12.67360000
    3.580000    12.81640000
    3.600000    12.96000000
    3.620000    13.10440000
    3.640000    13.24960000
    3.660000    13.39560000
    3.680000    13.54240000
    3.700000    13.69000000
    3.720000    13.83840000
    3.740000    13.98760000
    3.760000    14.13760000
    3.780000    14.28840000
    3.800000    14.44000000
    3.820000    14.59240000
    3.840000    14.74560000
    3.860000    14.89960000
    3.880000    15.05440000
    3.900000    15.21000000
    3.920000    15.36640000
    3.940000    15.52360000
    3.960000    15.68160000
    3.980000    15.84040000
    4.000000    16.00000000
    4.020000    16.16040000
    4.040000    16.32160000
    4.060000    16.48360000
    4.080000    16.64640000
    4.100000    16.81000000
    4.120000    16.97440000
    4.140000    17.13960000
    4.160000    17.30560000
    4.180000    17.47240000
    4.200000    17.64000000
    4.220000    17.80840000
    4.240000    17.97760000
    4.260000    18.14760000
    4.280000    18.31840000
    4.300000    18.49000000
    4.320000    18.66240000
    4.340000    18.83560000
    4.360000    19.00960000
    4.380000    19.18440000
    4.400000    19.36000000
    4.420000    19.53640000
    4.440000    19.71360000
    4.460000    19.89160000
    4.480000    20.07040000
    4.500000    20.25000000
    4.520000    20.43040000
    4.540000    20.61160000
    4.560000    20.79360000
    4.580000    20.97640000
    4.600000    21.16000000
    4.620000    21.34440000
    4.640000    21.52960000
    4.660000    21.71560000
    4.680000    21.90240000
    4.700000    22.09000000
    4.720000    22.27840000
    4.740000    22.46760000
    4.760000    22.65760000
    4.780000    22.84840000
    4.800000    23.04000000
    4.820000    23.23240000
    4.840000    23.42560000
    4.860000    23.61960000
    4.880000    23.81440000
    4.900000    24.01000000
    4.920000    24.20640000
    4.940000    24.40360000
    4.960000    24.60160000
    4.980000    24.80040000
    5.000000    25.00000000
    5.020000    25.20040000
    5.040000    25.40160000
    5.060000    25.60360000
    5.080000    25.80640000
    5.100000    26.01000000
    5.120000    26.21440000
    5.140000    26.41960000
    5.160000    26.62560000
    5.180000    26.83240000
    5.200000    27.04000000
    5.220000    27.24840000
    5.240000    27.45760000
    5.260000    27.66760000
    5.280000    27.87840000
    5.300000    28.09000000
    5.320000    28.30240000
    5.340000    28.51560000
    5.360000    28.72960000
    5.380000    28.94440000
    5.400000    29.16000000
    5.420000    29.37640000
    5.440000    29.59360000
    5.460000    29.81160000
    5.480000    30.03040000
    5.500000    30.25000000
    5.520000    30.47040000
    5.540000    30.69160000
    5.560000    30.91360000
    5.580000    31.13640000
    5.600000    31.36000000
    5.620000    31.58440000
    5.640000    31.80960000
    5.660000    32.03560000
    5.680000    32.26240000
    5.700000    32.49000000
    5.720000    32.71840000
    5.740000    32.94760000
    5.760000    33.17760000
    5.780000    33.40840000
    5.800000    33.64000000
    5.820000    33.87240000
    5.840000    34.10560000
    5.860000    34.33960000
    5.880000    34.57440000
    5.900000    34.81000000
    5.920000    35.04640000
    5.940000    35.28360000
    5.960000    35.52160000
    5.980000    35.76040000
    6.000000    36.00000000
    6.020000    36.24040000
    6.040000    36.48160000
    6.060000    36.72360000
    6.080000    36.96640000
    6.100000    37.21000000
    6.120000    37.45440000
    6.140000    37.69960000
    6.160000    37.94560000
    6.180000    38.19240000
    6.200000    38.44000000
    6.220000    38.68840000
    6.240000    38.93760000
    6.260000    39.18760000
    6.280000    39.43840000
    6.300000    39.69000000
    6.320000    39.94240000
    6.340000    40.19560000
    6.360000    40.44960000
    6.380000    40.70440000
    6.400000    40.96000000
    6.420000    41.21640000
    6.440000    41.47360000
    6.460000    41.73160000
    6.480000    41.99040000
    6.500000    42.25000000
    6.520000    42.51040000
    6.540000    42.77160000
    6.560000    43.03360000
    6.580000    43.29640000
    6.600000    43.56000000
    6.620000    43.82440000
    6.640000    44.08960000
    6.660000    44.35560000
    6.680000    44.62240000
    6.700000    44.89000000
    6.720000    45.15840000
    6.740000    45.42760000
    6.760000    45.69760000
    6.780000    45.96840000
    6.800000    46.24000000
    6.820000    46.51240000
    6.840000    46.78560000
    6.860000    47.05960000
    6.880000    47.33440000
    6.900000    47.61000000
    6.920000    47.88640000
    6.940000    48.16360000
    6.960000    48.44160000
    6.980000    48.72040000
    7.000000    49.00000000
    7.020000    49.28040000
    7.040000    49.56160000
    7.060000    49.84360000
    7.080000    50.12640000
    7.100000    50.41000000
    7.120000    50.69440000
    7.140000    50.97960000
    7.160000    51.26560000
    7.180000    51.55240000
    7.200000    51.84000000
    7.220000    52.12840000
    7.240000    52.41760000
    7.260000    52.70760000
    7.280000    52.99840000
    7.300000    53.29000000
    7.320000    53.58240000
    7.340000    53.87560000
    7.360000    54.16960000
    7.380000    54.46440000
    7.400000    54.76000000
    7.420000    55.05640000
    7.440000    55.35360000
    7.460000    55.65160000
    7.480000    55.95040000
    7.500000    56.25000000
    7.520000    56.55040000
    7.540000    56.85160000
    7.560000    57.15360000
    7.580000    57.45640000
    7.600000    57.76000000
    7.620000    58.06440000
    7.640000    58.36960000
    7.660000    58.67560000
    7.680000    58.98240000
    7.700000    59.29000000
    7.720000    59.59840000
    7.740000    59.90760000
    7.760000    60.21760000
    7.780000    60.52840000
    7.800000    60.84000000
    7.820000    61.15240000
    7.840000    61.46560000
    7.860000    61.77960000
    7.880000    62.09440000
    7.900000    62.41000000
    7.920000    62.72640000
    7.940000    63.04360000
    7.960000    63.36160000
    7.980000    63.68040000
    8.000000    64.00000000
    8.020000    64.32040000
    8.040000    64.64160000
    8.060000    64.96360000
    8.080000    65.28640000
    8.100000    65.61000000
    8.120000    65.93440000
    8.140000    66.25960000
    8.160000    66.58560000
    8.180000    66.91240000
    8.200000    67.24000000
    8.220000    67.56840000
    8.240000    67.89760000
    8.260000    68.22760000
    8.280000    68.55840000
    8.300000    68.89000000
    8.320000    69.22240000
    8.340000    69.55560000
    8.360000    69.88960000
    8.380000    70.22440000
    8.400000    70.56000000
    8.420000    70.89640000
    8.440000    71.23360000
    8.460000    71.57160000
    8.480000    71.91040000
    8.500000    72.25000000
    8.520000    72.59040000
    8.540000    72.93160000
    8.560000    73.27360000
    8.580000    73.61640000
    8.600000    73.96000000
    8.620000    74.30440000
    8.640000    74.64960000
    8.660000    74.99560000
    8.680000    75.34240000
    8.700000    75.69000000
    8.720000    76.03840000
    8.740000    76.38760000
    8.760000    76.73760000
    8.780000    77.08840000
    8.800000    77.44000000
    8.820000    77.79240000
    8.840000    78.14560000
    8.860000    78.49960000
    8.880000    78.85440000
    8.900000    79.21000000
    8.920000    79.56640000
    8.940000    79.92360000
    8.960000    80.28160000
    8.980000    80.64040000
    9.000000    81.00000000
    9.020000    81.36040000
    9.040000    81.72160000
    9.060000    82.08360000
    9.080000    82.44640000
    9.100000    82.81000000
    9.120000    83.17440000
    9.140000    83.53960000
    9.160000    83.90560000
    9.180000    84.27240000
    9.200000    84.64000000
    9.220000    85.00840000
    9.240000    85.37760000
    9.260000    85.74760000
    9.280000    86.11840000
    9.300000    86.49000000
    9.320000    86.86240000
    9.340000    87.23560000
    9.360000    87.60960000
    9.380000    87.98440000
    9.400000    88.36000000
    9.420000    88.73640000
    9.440000    89.11360000
    9.460000    89.49160000
    9.480000    89.87040000
    9.500000    90.25000000
    9.520000    90.63040000
    9.540000    91.01160000
    9.560000    91.39360000
    9.580000    91.77640000
    9.600000    92.16000000
    9.620000    92.54440000
    9.640000    92.92960000
    9.660000    93.31560000
    9.680000    93.70240000
    9.700000    94.09000000
    9.720000    94.47840000
    9.740000    94.86760000
    9.760000    95.25760000
    9.780000    95.64840000
    9.800000    96.04000000
    9.820000    96.43240000
    9.840000    96.82560000
    9.860000    97.21960000
    9.880000    97.61440000
    9.900000    98.01000000
    9.920000    98.40640000
    9.940000    98.80360000
    9.960000    99.20160000
    9.980000    99.60040000

#  2 . Cubic function
  -10.000000 -1000.00000000
   -9.980000  -994.01199200
   -9.960000  -988.04793600
   -9.940000  -982.10778400
   -9.920000  -976.19148800
   -9.900000  -970.29900000
   -9.880000  -964.43027200
   -9.860000  -958.58525600
   -9.840000  -952.76390400
   -9.820000  -946.96616800
   -9.800000  -941.19200000
   -9.780000  -935.44135200
   -9.760000  -929.71417600
   -9.740000  -924.01042400
   -9.720000  -918.33004800
   -9.700000  -912.67300000
   -9.680000  -907.03923200
   -9.660000  -901.42869600
   -9.640000  -895.84134400
   -9.620000  -890.27712800
   -9.600000  -884.73600000
   -9.580000  -879.21791200
   -9.560000  -873.72281600
   -9.540000  -868.25066400
   -9.520000  -862.80140800
   -9.500000  -857.37500000
   -9.480000  -851.97139200
   -9.460000  -846.59053600
   -9.440000  -841.23238400
   -9.420000  -835.89688800
   -9.400000  -830.58400000
   -9.380000  -825.29367200
   -9.360000  -820.02585600
   -9.340000  -814.78050400
   -9.320000  -809.55756800
   -9.300000  -804.35700000
   -9.280000  -799.17875200
   -9.260000  -794.02277600
   -9.240000  -788.88902400
   -9.220000  -783.77744800
   -9.200000  -778.68800000
   -9.180000  -773.62063200
   -9.160000  -768.57529600
   -9.140000  -763.55194400
   -9.120000  -758.55052800
   -9.100000  -753.57100000
   -9.080000  -748.61331200
   -9.060000  -743.67741600
   -9.040000  -738.76326400
   -9.020000  -733.87080800
   -9.000000  -729.00000000
   -8.980000  -724.15079200
   -8.960000  -719.32313600
   -8.940000  -714.51698400
   -8.920000  -709.73228800
   -8.900000  -704.96900000
   -8.880000  -700.22707200
   -8.860000  -695.50645600
   -8.840000  -690.80710400
   -8.820000  -686.12896800
   -8.800000  -681.47200000
   -8.780000  -676.83615200
   -8.760000  -672.22137600
   -8.740000  -667.62762400
   -8.720000  -663.05484800
   -8.700000  -658.50300000
   -8.680000  -653.97203200
   -8.660000  -649.46189600
   -8.640000  -644.97254400
   -8.620000  -640.50392800
   -8.600000  -636.05600000
   -8.580000  -631.62871200
   -8.560000  -627.22201600
   -8.540000  -622.83586400
   -8.520000  -618.47020800
   -8.500000  -614.12500000
   -8.480000  -609.80019200
   -8.460000  -605.49573600
   -8.440000  -601.21158400
   -8.420000  -596.94768800
   -8.400000  -592.70400000
   -8.380000  -588.48047200
   -8.360000  -584.27705600
   -8.340000  -580.09370400
   -8.320000  -575.93036800
   -8.300000  -571.78700000
   -8.280000  -567.66355200
   -8.260000  -563.55997600
   -8.240000  -559.47622400
   -8.220000  -555.41224800
   -8.200000  -551.36800000
   -8.180000  -547.34343200
   -8.160000  -543.33849600
   -8.140000  -539.35314400
   -8.120000  -535.38732800
   -8.100000  -531.44100000
   -8.080000  -527.51411200
   -8.060000  -523.60661600
   -8.040000  -519.71846400
   -8.020000  -515.84960800
   -8.000000  -512.00000000
   -7.980000  -508.16959200
   -7.960000  -504.35833600
   -7.940000  -500.56618400
   -7.920000  -496.79308800
   -7.900000  -493.03900000
   -7.880000  -489.30387200
   -7.860000  -485.58765600
   -7.840000  -481.89030400
   -7.820000  -478.21176800
   -7.800000  -474.55200000
   -7.780000  -470.91095200
   -7.760000  -467.28857600
   -7.740000  -463.68482400
   -7.720000  -460.09964800
   -7.700000  -456.53300000
   -7.680000  -452.98483200
   -7.660000  -449.45509600
   -7.640000  -445.94374400
   -7.620000  -442.45072800
   -7.600000  -438.97600000
   -7.580000  -435.51951200
   -7.560000  -432.08121600
   -7.540000  -428.66106400
   -7.520000  -425.25900800
   -7.500000  -421.87500000
   -7.480000  -418.50899200
   -7.460000  -415.16093600
   -7.440000  -411.83078400
   -7.420000  -408.51848800
   -7.400000  -405.22400000
   -7.380000  -401.94727200
   -7.360000  -398.68825600
   -7.340000  -395.44690400
   -7.320000  -392.22316800
   -7.300000  -389.01700000
   -7.280000  -385.82835200
   -7.260000  -382.65717600
   -7.240000  -379.50342400
   -7.220000  -376.36704800
   -7.200000  -373.24800000
   -7.180000  -370.14623200
   -7.160000  -367.06169600
   -7.140000  -363.99434400
   -7.120000  -360.94412800
   -7.100000  -357.91100000
   -7.080000  -354.89491200
   -7.060000  -351.89581600
   -7.040000  -348.91366400
   -7.020000  -345.94840800
   -7.000000  -343.00000000
   -6.980000  -340.06839200
   -6.960000  -337.15353600
   -6.940000  -334.25538400
   -6.920000  -331.37388800
   -6.900000  -328.50900000
   -6.880000  -325.66067200
   -6.860000  -322.82885600
   -6.840000  -320.01350400
   -6.820000  -317.21456800
   -6.800000  -314.43200000
   -6.780000  -311.66575200
   -6.760000  -308.91577600
   -6.740000  -306.18202400
   -6.720000  -303.46444800
   -6.700000  -300.76300000
   -6.680000  -298.07763200
   -6.660000  -295.40829600
   -6.640000  -292.75494400
   -6.620000  -290.11752800
   -6.600000  -287.49600000
   -6.580000  -284.89031200
   -6.560000  -282.30041600
   -6.540000  -279.72626400
   -6.520000  -277.16780800
   -6.500000  -274.62500000
   -6.480000  -272.09779200
   -6.460000  -269.58613600
   -6.440000  -267.08998400
   -6.420000  -264.60928800
   -6.400000  -262.14400000
   -6.380000  -259.69407200
   -6.360000  -257.25945600
   -6.340000  -254.84010400
   -6.320000  -252.43596800
   -6.300000  -250.04700000
   -6.280000  -247.67315200
   -6.260000  -245.31437600
   -6.240000  -242.97062400
   -6.220000  -240.64184800
   -6.200000  -238.32800000
   -6.180000  -236.02903200
   -6.160000  -233.74489600
   -6.140000  -231.47554400
   -6.120000  -229.22092800
   -6.100000  -226.98100000
   -6.080000  -224.75571200
   -6.060000  -222.54501600
   -6.040000  -220.34886400
   -6.020000  -218.16720800
   -6.000000  -216.00000000
   -5.980000  -213.84719200
   -5.960000  -211.70873600
   -5.940000  -209.58458400
   -5.920000  -207.47468800
   -5.900000  -205.37900000
   -5.880000  -203.29747200
   -5.860000  -201.23005600
   -5.840000  -199.17670400
   -5.820000  -197.13736800
   -5.800000  -195.11200000
   -5.780000  -193.10055200
   -5.760000  -191.10297600
   -5.740000  -189.11922400
   -5.720000  -187.14924800
   -5.700000  -185.19300000
   -5.680000  -183.25043200
   -5.660000  -181.32149600
   -5.640000  -179.40614400
   -5.620000  -177.50432800
   -5.600000  -175.61600000
   -5.580000  -173.74111200
   -5.560000  -171.87961600
   -5.540000  -170.03146400
   -5.520000  -168.19660800
   -5.500000  -166.37500000
   -5.480000  -164.56659200
   -5.460000  -162.77133600
   -5.440000  -160.98918400
   -5.420000  -159.22008800
   -5.400000  -157.46400000
   -5.380000  -155.72087200
   -5.360000  -153.99065600
   -5.340000  -152.27330400
   -5.320000  -150.56876800
   -5.300000  -148.87700000
   -5.280000  -147.19795200
   -5.260000  -145.53157600
   -5.240000  -143.87782400
   -5.220000  -142.23664800
   -5.200000  -140.60800000
   -5.180000  -138.99183200
   -5.160000  -137.38809600
   -5.140000  -135.79674400
   -5.120000  -134.21772800
   -5.100000  -132.65100000
   -5.080000  -131.09651200
   -5.060000  -129.55421600
   -5.040000  -128.02406400
   -5.020000  -126.50600800
   -5.000000  -125.00000000
   -4.980000  -123.50599200
   -4.960000  -122.02393600
   -4.940000  -120.55378400
   -4.920000  -119.09548800
   -4.900000  -117.64900000
   -4.880000  -116.21427200
   -4.860000  -114.79125600
   -4.840000  -113.37990400
   -4.820000  -111.98016800
   -4.800000  -110.59200000
   -4.780000  -109.21535200
   -4.760000  -107.85017600
   -4.740000  -106.49642400
   -4.720000  -105.15404800
   -4.700000  -103.82300000
   -4.680000  -102.50323200
   -4.660000  -101.19469600
   -4.640000   -99.89734400
   -4.620000   -98.61112800
   -4.600000   -97.33600000
   -4.580000   -96.07191200
   -4.560000   -94.81881600
   -4.540000   -93.57666400
   -4.520000   -92.34540800
   -4.500000   -91.12500000
   -4.480000   -89.91539200
   -4.460000   -88.71653600
   -4.440000   -87.52838400
   -4.420000   -86.35088800
   -4.400000   -85.18400000
   -4.380000   -84.02767200
   -4.360000   -82.88185600
   -4.340000   -81.74650400
   -4.320000   -80.62156800
   -4.300000   -79.50700000
   -4.280000   -78.40275200
   -4.260000   -77.30877600
   -4.240000   -76.22502400
   -4.220000   -75.15144800
   -4.200000   -74.08800000
   -4.180000   -73.03463200
   -4.160000   -71.99129600
   -4.140000   -70.95794400
   -4.120000   -69.93452800
   -4.100000   -68.92100000
   -4.080000   -67.91731200
   -4.060000   -66.92341600
   -4.040000   -65.93926400
   -4.020000   -64.96480800
   -4.000000   -64.00000000
   -3.980000   -63.04479200
   -3.960000   -62.09913600
   -3.940000   -61.16298400
   -3.920000   -60.23628800
   -3.900000   -59.31900000
   -3.880000   -58.41107200
   -3.860000   -57.51245600
   -3.840000   -56.62310400
   -3.820000   -55.74296800
   -3.800000   -54.87200000
   -3.780000   -54.01015200
   -3.760000   -53.15737600
   -3.740000   -52.31362400
   -3.720000   -51.47884800
   -3.700000   -50.65300000
   -3.680000   -49.83603200
   -3.660000   -49.02789600
   -3.640000   -48.22854400
   -3.620000   -47.43792800
   -3.600000   -46.65600000
   -3.580000   -45.88271200
   -3.560000   -45.11801600
   -3.540000   -44.36186400
   -3.520000   -43.61420800
   -3.500000   -42.87500000
   -3.480000   -42.14419200
   -3.460000   -41.42173600
   -3.440000   -40.70758400
   -3.420000   -40.00168800
   -3.400000   -39.30400000
   -3.380000   -38.61447200
   -3.360000   -37.93305600
   -3.340000   -37.25970400
   -3.320000   -36.59436800
   -3.300000   -35.93700000
   -3.280000   -35.28755200
   -3.260000   -34.64597600
   -3.240000   -34.01222400
   -3.220000   -33.38624800
   -3.200000   -32.76800000
   -3.180000   -32.15743200
   -3.160000   -31.55449600
   -3.140000   -30.95914400
   -3.120000   -30.37132800
   -3.100000   -29.79100000
   -3.080000   -29.21811200
   -3.060000   -28.65261600
   -3.040000   -28.09446400
   -3.020000   -27.54360800
   -3.000000   -27.00000000
   -2.980000   -26.46359200
   -2.960000   -25.93433600
   -2.940000   -25.41218400
   -2.920000   -24.89708800
   -2.900000   -24.38900000
   -2.880000   -23.88787200
   -2.860000   -23.39365600
   -2.840000   -22.90630400
   -2.820000   -22.42576800
   -2.800000   -21.95200000
   -2.780000   -21.48495200
   -2.760000   -21.02457600
   -2.740000   -20.57082400
   -2.720000   -20.12364800
   -2.700000   -19.68300000
   -2.680000   -19.24883200
   -2.660000   -18.82109600
   -2.640000   -18.39974400
   -2.620000   -17.98472800
   -2.600000   -17.57600000
   -2.580000   -17.17351200
   -2.560000   -16.77721600
   -2.540000   -16.38706400
   -2.520000   -16.00300800
   -2.500000   -15.62500000
   -2.480000   -15.25299200
   -2.460000   -14.88693600
   -2.440000   -14.52678400
   -2.420000   -14.17248800
   -2.400000   -13.82400000
   -2.380000   -13.48127200
   -2.360000   -13.14425600
   -2.340000   -12.81290400
   -2.320000   -12.48716800
   -2.300000   -12.16700000
   -2.280000   -11.85235200
   -2.260000   -11.54317600
   -2.240000   -11.23942400
   -2.220000   -10.94104800
   -2.200000   -10.64800000
   -2.180000   -10.36023200
   -2.160000   -10.07769600
   -2.140000    -9.80034400
   -2.120000    -9.52812800
   -2.100000    -9.26100000
   -2.080000    -8.99891200
   -2.060000    -8.74181600
   -2.040000    -8.48966400
   -2.020000    -8.24240800
   -2.000000    -8.00000000
   -1.980000    -7.76239200
   -1.960000    -7.52953600
   -1.940000    -7.30138400
   -1.920000    -7.07788800
   -1.900000    -6.85900000
   -1.880000    -6.64467200
   -1.860000    -6.43485600
   -1.840000    -6.22950400
   -1.820000    -6.02856800
   -1.800000    -5.83200000
   -1.780000    -5.63975200
   -1.760000    -5.45177600
   -1.740000    -5.26802400
   -1.720000    -5.08844800
   -1.700000    -4.91300000
   -1.680000    -4.74163200
   -1.660000    -4.57429600
   -1.640000    -4.41094400
   -1.620000    -4.25152800
   -1.600000    -4.09600000
   -1.580000    -3.94431200
   -1.560000    -3.79641600
   -1.540000    -3.65226400
   -1.520000    -3.51180800
   -1.500000    -3.37500000
   -1.480000    -3.24179200
   -1.460000    -3.11213600
   -1.440000    -2.98598400
   -1.420000    -2.86328800
   -1.400000    -2.74400000
   -1.380000    -2.62807200
   -1.360000    -2.51545600
   -1.340000    -2.40610400
   -1.320000    -2.29996800
   -1.300000    -2.19700000
   -1.280000    -2.09715200
   -1.260000    -2.00037600
   -1.240000    -1.90662400
   -1.220000    -1.81584800
   -1.200000    -1.72800000
   -1.180000    -1.64303200
   -1.160000    -1.56089600
   -1.140000    -1.48154400
   -1.120000    -1.40492800
   -1.100000    -1.33100000
   -1.080000    -1.25971200
   -1.060000    -1.19101600
   -1.040000    -1.12486400
   -1.020000    -1.06120800
   -1.000000    -1.00000000
   -0.980000    -0.94119200
   -0.960000    -0.88473600
   -0.940000    -0.83058400
   -0.920000    -0.77868800
   -0.900000    -0.72900000
   -0.880000    -0.68147200
   -0.860000    -0.63605600
   -0.840000    -0.59270400
   -0.820000    -0.55136800
   -0.800000    -0.51200000
   -0.780000    -0.47455200
   -0.760000    -0.43897600
   -0.740000    -0.40522400
   -0.720000    -0.37324800
   -0.700000    -0.34300000
   -0.680000    -0.31443200
   -0.660000    -0.28749600
   -0.640000    -0.26214400
   -0.620000    -0.23832800
   -0.600000    -0.21600000
   -0.580000    -0.19511200
   -0.560000    -0.17561600
   -0.540000    -0.15746400
   -0.520000    -0.14060800
   -0.500000    -0.12500000
   -0.480000    -0.11059200
   -0.460000    -0.09733600
   -0.440000    -0.08518400
   -0.420000    -0.07408800
   -0.400000    -0.06400000
   -0.380000    -0.05487200
   -0.360000    -0.04665600
   -0.340000    -0.03930400
   -0.320000    -0.03276800
   -0.300000    -0.02700000
   -0.280000    -0.02195200
   -0.260000    -0.01757600
   -0.240000    -0.01382400
   -0.220000    -0.01064800
   -0.200000    -0.00800000
   -0.180000    -0.00583200
   -0.160000    -0.00409600
   -0.140000    -0.00274400
   -0.120000    -0.00172800
   -0.100000    -0.00100000
   -0.080000    -0.00051200
   -0.060000    -0.00021600
   -0.040000    -0.00006400
   -0.020000    -0.00000800
    0.000000     0.00000000
    0.020000     0.00000800
    0.040000     0.00006400
    0.060000     0.00021600
    0.080000     0.00051200
    0.100000     0.00100000
    0.120000     0.00172800
    0.140000     0.00274400
    0.160000     0.00409600
    0.180000     0.00583200
    0.200000     0.00800000
    0.220000     0.01064800
    0.240000     0.01382400
    0.260000     0.01757600
    0.280000     0.02195200
    0.300000     0.02700000
    0.320000     0.03276800
    0.340000     0.03930400
    0.360000     0.04665600
    0.380000     0.05487200
    0.400000     0.06400000
    0.420000     0.07408800
    0.440000     0.08518400
    0.460000     0.09733600
    0.480000     0.11059200
    0.500000     0.12500000
    0.520000     0.14060800
    0.540000     0.15746400
    0.560000     0.17561600
    0.580000     0.19511200
    0.600000     0.21600000
    0.620000     0.23832800
    0.640000     0.26214400
    0.660000     0.28749600
    0.680000     0.31443200
    0.700000     0.34300000
    0.720000     0.37324800
    0.740000     0.40522400
    0.760000     0.43897600
    0.780000     0.47455200
    0.800000     0.51200000
    0.820000     0.55136800
    0.840000     0.59270400
    0.860000     0.63605600
    0.880000     0.68147200
    0.900000     0.72900000
    0.920000     0.77868800
    0.940000     0.83058400
    0.960000     0.88473600
    0.980000     0.94119200
    1.000000     1.00000000
    1.020000     1.06120800
    1.040000     1.12486400
    1.060000     1.19101600
    1.080000     1.25971200
    1.100000     1.33100000
    1.120000     1.40492800
    1.140000     1.48154400
    1.160000     1.56089600
    1.180000     1.64303200
    1.200000     1.72800000
    1.220000     1.81584800
    1.240000     1.90662400
    1.260000     2.00037600
    1.280000     2.09715200
    1.300000     2.19700000
    1.320000     2.29996800
    1.340000     2.40610400
    1.360000     2.51545600
    1.380000     2.62807200
    1.400000     2.74400000
    1.420000     2.86328800
    1.440000     2.98598400
    1.460000     3.11213600
    1.480000     3.24179200
    1.500000     3.37500000
    1.520000     3.51180800
    1.540000     3.65226400
    1.560000     3.79641600
    1.580000     3.94431200
    1.600000     4.09600000
    1.620000     4.25152800
    1.640000     4.41094400
    1.660000     4.57429600
    1.680000     4.74163200
    1.700000     4.91300000
    1.720000     5.08844800
    1.740000     5.26802400
    1.760000     5.45177600
    1.780000     5.63975200
    1.800000     5.83200000
    1.820000     6.02856800
    1.840000     6.22950400
    1.860000     6.43485600
    1.880000     6.64467200
    1.900000     6.85900000
    1.920000     7.07788800
    1.940000     7.30138400
    1.960000     7.52953600
    1.980000     7.76239200
    2.000000     8.00000000
    2.020000     8.24240800
    2.040000     8.48966400
    2.060000     8.74181600
    2.080000     8.99891200
    2.100000     9.26100000
    2.120000     9.52812800
    2.140000     9.80034400
    2.160000    10.07769600
    2.180000    10.36023200
    2.200000    10.64800000
    2.220000    10.94104800
    2.240000    11.23942400
    2.260000    11.54317600
    2.280000    11.85235200
    2.300000    12.16700000
    2.320000    12.48716800
    2.340000    12.81290400
    2.360000    13.14425600
    2.380000    13.48127200
    2.400000    13.82400000
    2.420000    14.17248800
    2.440000    14.52678400
    2.460000    14.88693600
    2.480000    15.25299200
    2.500000    15.62500000
    2.520000    16.00300800
    2.540000    16.38706400
    2.560000    16.77721600
    2.580000    17.17351200
    2.600000    17.57600000
    2.620000    17.98472800
    2.640000    18.39974400
    2.660000    18.82109600
    2.680000    19.24883200
    2.700000    19.68300000
    2.720000    20.12364800
    2.740000    20.57082400
    2.760000    21.02457600
    2.780000    21.48495200
    2.800000    21.95200000
    2.820000    22.42576800
    2.840000    22.90630400
    2.860000    23.39365600
    2.880000    23.88787200
    2.900000    24.38900000
    2.920000    24.89708800
    2.940000    25.41218400
    2.960000    25.93433600
    2.980000    26.46359200
    3.000000    27.00000000
    3.020000    27.54360800
    3.040000    28.09446400
    3.060000    28.65261600
    3.080000    29.21811200
    3.100000    29.79100000
    3.120000    30.37132800
    3.140000    30.95914400
    3.160000    31.55449600
    3.180000    32.15743200
    3.200000    32.76800000
    3.220000    33.38624800
    3.240000    34.01222400
    3.260000    34.64597600
    3.280000    35.28755200
    3.300000    35.93700000
    3.320000    36.59436800
    3.340000    37.25970400
    3.360000    37.93305600
    3.380000    38.61447200
    3.400000    39.30400000
    3.420000    40.00168800
    3.440000    40.70758400
    3.460000    41.42173600
    3.480000    42.14419200
    3.500000    42.87500000
    3.520000    43.61420800
    3.540000    44.36186400
    3.560000    45.11801600
    3.580000    45.88271200
    3.600000    46.65600000
    3.620000    47.43792800
    3.640000    48.22854400
    3.660000    49.02789600
    3.680000    49.83603200
    3.700000    50.65300000
    3.720000    51.47884800
    3.740000    52.31362400
    3.760000    53.15737600
    3.780000    54.01015200
    3.800000    54.87200000
    3.820000    55.74296800
    3.840000    56.62310400
    3.860000    57.51245600
    3.880000    58.41107200
    3.900000    59.31900000
    3.920000    60.23628800
    3.940000    61.16298400
    3.960000    62.09913600
    3.980000    63.04479200
    4.000000    64.00000000
    4.020000    64.96480800
    4.040000    65.93926400
    4.060000    66.92341600
    4.080000    67.91731200
    4.100000    68.92100000
    4.120000    69.93452800
    4.140000    70.95794400
    4.160000    71.99129600
    4.180000    73.03463200
    4.200000    74.08800000
    4.220000    75.15144800
    4.240000    76.22502400
    4.260000    77.30877600
    4.280000    78.40275200
    4.300000    79.50700000
    4.320000    80.62156800
    4.340000    81.74650400
    4.360000    82.88185600
    4.380000    84.02767200
    4.400000    85.18400000
    4.420000    86.35088800
    4.440000    87.52838400
    4.460000    88.71653600
    4.480000    89.91539200
    4.500000    91.12500000
    4.520000    92.34540800
    4.540000    93.57666400
    4.560000    94.81881600
    4.580000    96.07191200
    4.600000    97.33600000
    4.620000    98.61112800
    4.640000    99.89734400
    4.660000   101.19469600
    4.680000   102.50323200
    4.700000   103.82300000
    4.720000   105.15404800
    4.740000   106.49642400
    4.760000   107.85017600
    4.780000   109.21535200
    4.800000   110.59200000
    4.820000   111.98016800
    4.840000   113.37990400
    4.860000   114.79125600
    4.880000   116.21427200
    4.900000   117.64900000
    4.920000   119.09548800
    4.940000   120.55378400
    4.960000   122.02393600
    4.980000   123.50599200
    5.000000   125.00000000
    5.020000   126.50600800
    5.040000   128.02406400
    5.060000   129.55421600
    5.080000   131.09651200
    5.100000   132.65100000
    5.120000   134.21772800
    5.140000   135.79674400
    5.160000   137.38809600
    5.180000   138.99183200
    5.200000   140.60800000
    5.220000   142.23664800
    5.240000   143.87782400
    5.260000   145.53157600
    5.280000   147.19795200
    5.300000   148.87700000
    5.320000   150.56876800
    5.340000   152.27330400
    5.360000   153.99065600
    5.380000   155.72087200
    5.400000   157.46400000
    5.420000   159.22008800
    5.440000   160.98918400
    5.460000   162.77133600
    5.480000   164.56659200
    5.500000   166.37500000
    5.520000   168.19660800
    5.540000   170.03146400
    5.560000   171.87961600
    5.580000   173.74111200
    5.600000   175.61600000
    5.620000   177.50432800
    5.640000   179.40614400
    5.660000   181.32149600
    5.680000   183.25043200
    5.700000   185.19300000
    5.720000   187.14924800
    5.740000   189.11922400
    5.760000   191.10297600
    5.780000   193.10055200
    5.800000   195.11200000
    5.820000   197.13736800
    5.840000   199.17670400
    5.860000   201.23005600
    5.880000   203.29747200
    5.900000   205.37900000
    5.920000   207.47468800
    5.940000   209.58458400
    5.960000   211.70873600
    5.980000   213.84719200
    6.000000   216.00000000
    6.020000   218.16720800
    6.040000   220.34886400
    6.060000   222.54501600
    6.080000   224.75571200
    6.100000   226.98100000
    6.120000   229.22092800
    6.140000   231.47554400
    6.160000   233.74489600
    6.180000   236.02903200
    6.200000   238.32800000
    6.220000   240.64184800
    6.240000   242.97062400
    6.260000   245.31437600
    6.280000   247.67315200
    6.300000   250.04700000
    6.320000   252.43596800
    6.340000   254.84010400
    6.360000   257.25945600
    6.380000   259.69407200
    6.400000   262.14400000
    6.420000   264.60928800
    6.440000   267.08998400
    6.460000   269.58613600
    6.480000   272.09779200
    6.500000   274.62500000
    6.520000   277.16780800
    6.540000   279.72626400
    6.560000   282.30041600
    6.580000   284.89031200
    6.600000   287.49600000
    6.620000   290.11752800
    6.640000   292.75494400
    6.660000   295.40829600
    6.680000   298.07763200
    6.700000   300.76300000
    6.720000   303.46444800
    6.740000   306.18202400
    6.760000   308.91577600
    6.780000   311.66575200
    6.800000   314.43200000
    6.820000   317.21456800
    6.840000   320.01350400
    6.860000   322.82885600
    6.880000   325.66067200
    6.900000   328.50900000
    6.920000   331.37388800
    6.940000   334.25538400
    6.960000   337.15353600
    6.980000   340.06839200
    7.000000   343.00000000
    7.020000   345.94840800
    7.040000   348.91366400
    7.060000   351.89581600
    7.080000   354.89491200
    7.100000   357.91100000
    7.120000   360.94412800
    7.140000   363.99434400
    7.160000   367.06169600
    7.180000   370.14623200
    7.200000   373.24800000
    7.220000   376.36704800
    7.240000   379.50342400
    7.260000   382.65717600
    7.280000   385.82835200
    7.300000   389.01700000
    7.320000   392.22316800
    7.340000   395.44690400
    7.360000   398.68825600
    7.380000   401.94727200
    7.400000   405.22400000
    7.420000   408.51848800
    7.440000   411.83078400
    7.460000   415.16093600
    7.480000   418.50899200
    7.500000   421.87500000
    7.520000   425.25900800
    7.540000   428.66106400
    7.560000   432.08121600
    7.580000   435.51951200
    7.600000   438.97600000
    7.620000   442.45072800
    7.640000   445.94374400
    7.660000   449.45509600
    7.680000   452.98483200
    7.700000   456.53300000
    7.720000   460.09964800
    7.740000   463.68482400
    7.760000   467.28857600
    7.780000   470.91095200
    7.800000   474.55200000
    7.820000   478.21176800
    7.840000   481.89030400
    7.860000   485.58765600
    7.880000   489.30387200
    7.900000   493.03900000
    7.920000   496.79308800
    7.940000   500.56618400
    7.960000   504.35833600
    7.980000   508.16959200
    8.000000   512.00000000
    8.020000   515.84960800
    8.040000   519.71846400
    8.060000   523.60661600
    8.080000   527.51411200
    8.100000   531.44100000
    8.120000   535.38732800
    8.140000   539.35314400
    8.160000   543.33849600
    8.180000   547.34343200
    8.200000   551.36800000
    8.220000   555.41224800
    8.240000   559.47622400
    8.260000   563.55997600
    8.280000   567.66355200
    8.300000   571.78700000
    8.320000   575.93036800
    8.340000   580.09370400
    8.360000   584.27705600
    8.380000   588.48047200
    8.400000   592.70400000
    8.420000   596.94768800
    8.440000   601.21158400
    8.460000   605.49573600
    8.480000   609.80019200
    8.500000   614.12500000
    8.520000   618.47020800
    8.540000   622.83586400
    8.560000   627.22201600
    8.580000   631.62871200
    8.600000   636.05600000
    8.620000   640.50392800
    8.640000   644.97254400
    8.660000   649.46189600
    8.680000   653.97203200
    8.700000   658.50300000
    8.720000   663.05484800
    8.740000   667.62762400
    8.760000   672.22137600
    8.780000   676.83615200
    8.800000   681.47200000
    8.820000   686.12896800
    8.840000   690.80710400
    8.860000   695.50645600
    8.880000   700.22707200
    8.900000   704.96900000
    8.920000   709.73228800
    8.940000   714.51698400
    8.960000   719.32313600
    8.980000   724.15079200
    9.000000   729.00000000
    9.020000   733.87080800
    9.040000   738.76326400
    9.060000   743.67741600
    9.080000   748.61331200
    9.100000   753.57100000
    9.120000   758.55052800
    9.140000   763.55194400
    9.160000   768.57529600
    9.180000   773.62063200
    9.200000   778.68800000
    9.220000   783.77744800
    9.240000   788.88902400
    9.260000   794.02277600
    9.280000   799.17875200
    9.300000   804.35700000
    9.320000   809.55756800
    9.340000   814.78050400
    9.360000   820.02585600
    9.380000   825.29367200
    9.400000   830.58400000
    9.420000   835.89688800
    9.440000   841.23238400
    9.460000   846.59053600
    9.480000   851.97139200
    9.500000   857.37500000
    9.520000   862.80140800
    9.540000   868.25066400
    9.560000   873.72281600
    9.580000   879.21791200
    9.600000   884.73600000
    9.620000   890.27712800
    9.640000   895.84134400
    9.660000   901.42869600
    9.680000   907.03923200
    9.700000   912.67300000
    9.720000   918.33004800
    9.740000   924.01042400
    9.760000   929.71417600
    9.780000   935.44135200
    9.800000   941.19200000
    9.820000   946.96616800
    9.840000   952.76390400
    9.860000   958.58525600
    9.880000   964.43027200
    9.900000   970.29900000
    9.920000   976.19148800
    9.940000   982.10778400
    9.960000   988.04793600
    9.980000   994.01199200
